Configuration,Clean,Incremental,Reproducible
001,5.06,5.02,True
002,4.77,1.51,False
003,4.84,1.49,True
004,4.79,1.51,False
005,4.95,1.59,False
006,4.91,1.52,True
007,4.85,1.53,False
008,4.91,1.48,True
009,4.87,1.48,True
010,4.88,1.53,False
011,4.82,1.43,True
012,4.69,1.42,False
013,4.73,1.51,False
014,5.02,1.59,False
015,4.89,1.52,False
016,5.00,1.51,True
017,4.87,1.53,True
018,4.88,1.49,True
019,4.96,1.49,False
020,4.53,1.39,False
021,4.90,1.47,False
022,4.94,1.59,False
023,4.96,1.62,False
024,4.82,1.49,False
025,4.89,1.58,True
026,4.77,1.52,True
027,5.00,1.59,False
028,5.00,1.59,False
029,4.94,1.61,True
030,4.88,1.52,False
031,4.84,1.53,True
032,4.99,1.60,True
033,4.86,1.52,False
034,4.73,1.43,False
035,4.92,1.56,False
036,4.98,1.58,True
037,4.82,1.48,True
038,4.93,1.57,False
039,5.12,1.68,False
040,4.88,1.57,False
041,4.93,1.44,True
042,4.98,1.57,False
043,4.93,1.42,False
044,4.98,1.56,True
045,5.07,1.58,False
046,4.73,1.53,True
047,4.90,1.44,False
048,4.81,1.51,False
049,4.88,1.45,True
050,4.57,1.26,False
051,4.91,1.58,False
052,5.00,1.54,False
053,4.87,1.52,False
054,5.04,1.56,False
055,4.90,1.48,True
056,4.96,1.50,False
057,4.96,1.57,False
058,4.85,1.53,False
059,4.91,1.53,False
060,4.76,1.52,False
061,4.79,1.42,False
062,4.86,1.55,False
063,4.76,1.51,True
064,4.82,1.55,False
065,4.82,1.46,False
066,5.05,1.57,True
067,4.77,1.40,False
068,5.07,1.58,False
069,4.83,1.51,True
070,4.95,1.54,True
071,4.83,1.53,False
072,4.55,1.18,False
073,5.06,1.70,True
074,4.73,1.37,True
075,4.92,1.54,False
076,4.85,1.53,False
077,4.78,1.54,True
078,4.89,1.43,True
079,5.08,1.67,False
080,4.69,1.42,False
081,4.80,1.46,False
082,4.80,1.43,True
083,4.80,1.46,False
084,4.97,1.53,False
085,4.73,1.41,False
086,4.82,1.51,False
087,4.88,1.58,False
088,4.88,1.54,False
089,4.98,1.47,False
090,4.80,1.59,False
091,5.02,1.53,False
092,4.99,1.62,False
093,4.97,1.52,False
094,4.93,1.48,False
095,4.91,1.48,False
096,4.89,1.50,False
097,4.97,1.59,False
098,4.92,1.55,False
099,4.97,1.57,True
100,4.82,1.51,False
