Configuration,Clean,Incremental,Reproducible
001,5.74,5.61,True
002,5.72,2.17,True
003,5.69,2.22,True
004,5.75,2.12,True
005,5.71,2.08,False
006,5.50,2.05,False
007,5.69,2.16,True
008,5.69,2.17,True
009,5.47,2.03,True
010,5.48,1.86,True
011,5.65,2.18,True
012,5.67,2.15,True
013,5.73,2.11,True
014,5.71,2.04,False
015,5.45,2.08,False
016,5.76,2.08,False
017,5.72,2.16,True
018,5.62,2.12,False
019,5.53,2.04,False
020,5.52,2.03,False
021,5.85,2.14,True
022,5.76,2.17,False
023,5.65,2.14,True
024,5.60,2.02,True
025,5.74,2.20,True
026,5.63,2.07,True
027,5.69,2.19,False
028,5.72,2.19,False
029,5.60,2.05,False
030,5.75,2.21,True
031,5.58,2.22,True
032,5.68,2.12,False
033,5.56,2.01,False
034,5.46,1.88,False
035,5.64,2.17,True
036,5.72,2.11,True
037,5.62,2.12,True
038,5.50,2.08,True
039,5.58,2.03,True
040,5.55,1.88,True
041,5.52,1.88,True
042,5.16,1.85,False
043,5.73,2.14,True
044,5.63,2.16,True
045,5.60,2.11,True
046,5.55,2.04,True
047,5.67,2.19,True
048,5.60,2.08,True
049,5.60,2.15,True
050,5.75,2.11,False
051,5.56,1.97,False
052,5.53,2.00,False
053,5.40,2.00,False
054,5.50,1.88,False
055,5.61,2.16,True
056,5.57,2.03,True
057,5.73,2.10,True
058,5.63,2.21,True
059,5.74,2.12,True
060,5.56,1.99,True
061,5.68,2.05,True
062,5.52,2.01,True
063,5.41,1.84,False
064,5.66,2.18,True
065,5.69,2.12,True
066,5.56,2.20,False
067,5.50,2.08,False
068,5.61,2.12,True
069,5.68,2.17,True
070,5.64,2.14,False
071,5.71,2.07,False
072,5.71,2.16,True
073,5.61,2.00,False
074,5.76,2.06,True
075,5.66,2.12,True
076,5.64,2.07,True
077,5.64,2.14,True
078,5.66,2.13,True
079,5.68,2.18,False
080,5.66,2.18,True
081,5.61,2.18,True
082,5.54,2.19,False
083,5.57,2.05,False
084,5.37,2.04,True
085,5.54,2.02,True
086,5.75,2.16,False
087,5.72,2.11,True
088,5.72,2.16,True
089,5.63,2.08,True
090,5.61,2.05,True
091,5.77,2.22,True
092,5.61,2.18,False
093,5.65,2.20,True
094,5.64,2.09,True
095,5.60,2.14,False
096,5.54,2.06,False
097,5.52,2.05,False
098,5.59,2.19,True
099,5.81,2.19,False
100,5.72,2.08,False
