Configuration,Clean,Incremental,Reproducible
001,4.89,4.97,True
002,4.95,1.62,False
003,4.80,1.48,False
004,4.92,1.55,False
005,4.90,1.55,False
006,4.89,1.51,True
007,4.92,1.59,False
008,4.89,1.51,True
009,4.81,1.53,False
010,4.81,1.43,True
011,4.97,1.60,False
012,4.95,1.54,False
013,4.95,1.41,False
014,4.75,1.43,False
015,5.01,1.51,True
016,4.87,1.53,True
017,4.85,1.50,False
018,4.83,1.50,False
019,4.70,1.42,False
020,5.08,1.62,False
021,4.90,1.43,False
022,4.80,1.39,False
023,5.04,1.58,False
024,4.96,1.61,False
025,4.90,1.48,False
026,4.89,1.53,True
027,4.93,1.52,False
028,4.94,1.54,False
029,4.81,1.38,False
030,5.03,1.65,False
031,4.72,1.38,False
032,5.02,1.53,False
033,4.81,1.47,False
034,4.92,1.53,False
035,4.99,1.68,False
036,4.92,1.51,False
037,4.95,1.59,False
038,4.69,1.48,False
039,4.98,1.62,False
040,4.77,1.42,False
041,4.83,1.44,False
042,5.04,1.55,False
043,4.74,1.49,False
044,4.92,1.44,False
045,4.99,1.65,False
046,4.94,1.53,False
047,4.79,1.56,False
048,4.95,1.55,False
049,4.92,1.54,False
050,4.83,1.47,False
051,4.99,1.62,False
052,4.83,1.46,False
053,4.70,1.46,False
054,4.99,1.60,False
055,4.85,1.52,False
056,4.87,1.54,True
057,4.83,1.45,False
058,4.87,1.42,False
059,4.80,1.44,False
060,4.89,1.50,False
061,4.88,1.51,False
062,4.89,1.62,False
063,4.88,1.56,False
064,4.91,1.52,False
065,4.79,1.45,False
066,4.93,1.57,False
067,5.00,1.46,False
068,5.05,1.57,True
069,5.05,1.52,False
070,4.78,1.46,False
071,4.98,1.53,True
072,4.84,1.52,False
073,5.01,1.64,False
074,5.04,1.55,False
075,4.91,1.53,False
076,4.97,1.57,False
077,4.82,1.50,False
078,4.89,1.53,False
079,4.89,1.54,False
080,4.87,1.54,False
081,4.77,1.52,False
082,4.81,1.46,False
083,5.01,1.60,False
084,4.83,1.43,False
085,4.88,1.45,False
086,4.88,1.54,False
087,4.66,1.35,False
088,5.04,1.68,False
089,4.85,1.48,False
090,4.88,1.51,False
091,4.85,1.47,False
092,4.94,1.57,False
093,4.77,1.40,False
094,5.04,1.59,False
095,4.86,1.53,True
096,4.98,1.49,False
097,4.90,1.56,False
098,5.04,1.59,False
099,4.76,1.43,False
100,4.96,1.49,False
