Configuration,Clean,Incremental,Reproducible
001,3.63,3.56,True
002,3.48,2.68,True
003,3.55,2.81,True
004,3.70,2.87,True
005,3.49,2.77,True
006,3.57,2.87,True
007,3.43,2.75,True
008,3.48,2.82,True
009,3.43,2.76,True
010,3.32,2.72,True
011,3.58,2.92,True
012,3.28,2.71,True
013,3.58,2.88,True
014,3.56,2.87,True
015,3.55,2.81,True
016,3.40,2.89,True
017,3.33,2.65,True
018,3.43,2.80,True
019,3.47,2.82,True
020,3.42,2.71,True
021,3.43,2.75,True
022,3.54,2.81,True
023,3.55,2.87,True
024,3.55,2.87,True
025,3.43,2.76,True
026,3.74,2.91,True
027,3.61,3.04,True
028,3.55,2.88,True
029,3.41,2.72,True
030,3.63,2.81,True
031,3.47,2.78,True
032,3.64,2.91,True
033,3.54,2.76,True
034,3.47,2.89,True
035,3.44,2.73,True
036,3.41,2.71,True
037,3.60,2.89,True
038,3.58,2.89,True
039,3.38,2.60,True
040,3.57,2.80,True
041,3.37,2.59,True
042,3.67,2.94,True
043,3.53,2.85,True
044,3.53,2.82,True
045,3.52,2.88,True
046,3.32,2.62,True
047,3.46,2.75,True
048,3.58,2.79,True
049,3.42,2.80,True
050,3.54,2.79,True
051,3.54,2.87,True
052,3.55,2.81,True
053,3.60,2.86,True
054,3.66,2.90,True
055,3.54,2.83,True
056,3.65,2.91,True
057,3.74,2.94,True
058,3.51,2.87,True
059,3.54,2.83,True
060,3.60,2.84,True
061,3.57,2.85,True
062,3.45,2.78,True
063,3.36,2.76,True
064,3.35,2.63,True
065,3.56,2.81,True
066,3.50,2.79,True
067,3.62,2.79,True
068,3.47,2.71,True
069,3.40,2.75,True
070,3.58,2.82,True
071,3.54,2.87,True
072,3.59,2.88,True
073,3.45,2.74,True
074,3.68,2.96,True
075,3.61,2.96,True
076,3.63,2.77,True
077,3.46,2.82,True
078,3.68,2.92,True
079,3.58,2.87,True
080,3.57,2.85,True
081,3.55,2.87,True
082,3.51,2.85,True
083,3.67,2.96,True
084,3.41,2.75,True
085,3.66,2.90,True
086,3.63,2.88,True
087,3.59,2.78,True
088,3.59,2.85,True
089,3.63,2.88,True
090,3.49,2.81,True
091,3.61,2.96,True
092,3.51,2.75,True
093,3.79,2.95,True
094,3.33,2.79,True
095,3.35,2.65,True
096,3.47,2.75,True
097,3.56,2.87,True
098,3.48,2.70,True
099,3.54,2.91,True
100,3.46,2.71,True
