Configuration,Clean,Incremental,Reproducible
001,4.91,5.11,True
002,4.85,1.51,False
003,5.03,1.48,False
004,4.82,1.42,True
005,4.93,1.46,False
006,4.86,1.55,False
007,5.02,1.53,False
008,4.97,1.48,False
009,4.96,1.49,False
010,4.99,1.61,False
011,5.09,1.63,False
012,4.99,1.61,False
013,5.03,1.49,True
014,4.98,1.59,False
015,4.96,1.45,False
016,4.96,1.52,False
017,4.95,1.55,False
018,4.88,1.55,True
019,5.01,1.47,False
020,4.92,1.63,False
021,5.03,1.51,False
022,4.94,1.47,False
023,4.98,1.49,False
024,4.73,1.49,False
025,4.90,1.46,False
026,5.04,1.48,True
027,4.92,1.51,True
028,4.83,1.45,True
029,5.02,1.57,False
030,4.97,1.52,False
031,5.02,1.57,False
032,4.88,1.48,True
033,4.66,1.23,False
034,4.93,1.56,True
035,4.96,1.61,False
036,4.91,1.49,False
037,4.84,1.54,True
038,4.90,1.64,False
039,4.92,1.48,False
040,5.03,1.48,False
041,4.88,1.55,True
042,5.08,1.65,True
043,4.98,1.51,False
044,5.10,1.52,True
045,4.93,1.55,False
046,5.02,1.51,False
047,4.79,1.44,True
048,4.94,1.47,False
049,4.80,1.44,False
050,4.91,1.54,False
051,4.94,1.58,False
052,5.02,1.47,True
053,4.94,1.54,False
054,4.80,1.52,True
055,4.92,1.44,False
056,5.14,1.53,True
057,4.90,1.49,True
058,4.83,1.54,True
059,4.92,1.51,False
060,5.10,1.60,True
061,4.94,1.59,False
062,4.98,1.63,False
063,4.86,1.53,True
064,5.04,1.52,False
065,4.83,1.48,False
066,5.01,1.53,False
067,4.84,1.51,False
068,4.98,1.47,False
069,4.90,1.46,False
070,4.90,1.47,False
071,5.07,1.56,False
072,5.02,1.56,False
073,5.11,1.67,False
074,5.05,1.61,False
075,4.96,1.60,False
076,4.96,1.50,False
077,5.01,1.59,False
078,4.91,1.47,False
079,4.93,1.47,False
080,4.98,1.44,True
081,5.16,1.55,True
082,5.06,1.57,False
083,5.09,1.52,True
084,4.89,1.48,False
085,5.16,1.50,False
086,5.05,1.53,True
087,5.06,1.45,False
088,4.99,1.60,False
089,5.03,1.41,False
090,5.09,1.54,True
091,4.87,1.20,True
092,4.93,1.44,False
093,5.06,1.47,False
094,4.96,1.52,False
095,5.12,1.60,True
096,4.97,1.57,False
097,4.97,1.44,False
098,5.02,1.58,False
099,5.03,1.49,False
100,4.95,1.50,True
