Configuration,Clean,Incremental,Reproducible
001,5.84,5.71,True
002,5.73,2.21,True
003,5.72,2.07,True
004,5.67,2.22,True
005,5.70,2.07,True
006,5.55,2.04,True
007,5.55,1.97,False
008,5.45,1.85,False
009,5.43,1.86,False
010,5.52,2.17,False
011,5.55,2.06,True
012,5.56,2.04,True
013,5.53,2.00,True
014,5.45,1.86,True
015,5.61,2.16,True
016,5.72,2.12,False
017,5.64,2.16,True
018,5.62,2.11,True
019,5.69,2.11,True
020,5.58,2.10,True
021,5.60,2.15,True
022,5.69,2.05,True
023,5.70,2.20,True
024,5.52,2.10,True
025,5.76,2.14,True
026,5.58,2.10,True
027,5.64,2.21,False
028,5.74,2.15,True
029,5.65,2.16,True
030,5.51,2.13,True
031,5.48,1.99,True
032,5.44,1.87,True
033,5.36,1.85,False
034,5.31,1.84,False
035,5.11,1.84,False
036,5.82,2.16,False
037,5.57,2.20,False
038,5.60,2.05,False
039,5.55,1.97,False
040,5.52,2.01,False
041,5.46,1.86,False
042,5.20,1.87,False
043,5.24,1.82,False
044,4.98,1.82,True
045,5.68,2.10,True
046,5.67,2.01,True
047,5.59,1.86,True
048,5.44,1.85,True
049,5.80,2.20,True
050,5.59,2.12,True
051,5.73,2.09,True
052,5.48,2.03,True
053,5.40,2.00,True
054,5.51,1.86,True
055,5.45,1.85,True
056,5.28,1.90,True
057,5.25,1.87,True
058,5.63,2.13,True
059,5.61,2.09,True
060,5.62,1.86,True
061,5.66,2.19,True
062,5.60,2.11,True
063,5.54,2.04,True
064,5.48,2.01,True
065,5.64,2.17,False
066,5.84,2.15,True
067,5.66,2.14,True
068,5.65,2.15,True
069,5.70,2.12,True
070,5.68,2.21,True
071,5.71,2.18,True
072,5.65,2.15,True
073,5.60,2.08,False
074,5.59,2.07,False
075,5.63,2.16,True
076,5.65,2.05,True
077,5.72,2.14,False
078,5.68,2.05,False
079,5.49,2.02,True
080,5.74,2.22,True
081,5.63,2.11,True
082,5.56,1.98,True
083,5.59,1.98,True
084,5.34,1.85,False
085,5.19,1.85,False
086,5.23,1.86,False
087,5.23,1.87,False
088,5.05,1.82,False
089,5.04,1.78,False
090,5.03,1.81,False
091,5.06,1.74,False
092,5.75,2.20,True
093,5.74,2.15,True
094,5.74,2.17,False
095,5.67,2.15,True
096,5.67,2.21,True
097,5.66,2.09,True
098,5.55,1.96,True
099,5.61,2.15,False
100,5.57,2.09,False
