Configuration,Clean,Incremental,Reproducible
001,5.01,5.04,True
002,4.98,1.48,False
003,4.96,1.55,False
004,4.96,1.50,False
005,4.89,1.48,True
006,4.95,1.57,True
007,4.71,1.36,True
008,4.83,1.42,False
009,5.00,1.57,False
010,5.14,1.60,False
011,4.91,1.66,False
012,5.04,1.60,False
013,4.98,1.51,False
014,5.05,1.57,False
015,4.92,1.50,False
016,4.88,1.51,False
017,4.91,1.49,False
018,5.00,1.59,False
019,5.03,1.58,False
020,4.88,1.54,True
021,4.84,1.52,False
022,4.94,1.61,False
023,4.85,1.61,True
024,4.79,1.46,False
025,4.93,1.49,False
026,4.86,1.56,False
027,5.00,1.57,True
028,4.76,1.45,False
029,4.95,1.54,True
030,4.97,1.52,False
031,4.83,1.50,False
032,4.87,1.47,False
033,4.90,1.55,True
034,5.06,1.58,False
035,4.96,1.55,True
036,4.82,1.48,False
037,5.01,1.52,False
038,5.14,1.56,False
039,5.06,1.58,False
040,4.76,1.44,False
041,5.09,1.58,True
042,4.79,1.48,False
043,4.93,1.40,True
044,5.00,1.44,True
045,5.13,1.63,False
046,5.02,1.51,False
047,4.88,1.51,False
048,4.88,1.41,False
049,5.10,1.60,False
050,4.90,1.47,False
051,4.92,1.48,False
052,4.90,1.47,False
053,5.09,1.54,True
054,4.96,1.50,True
055,4.95,1.59,True
056,4.87,1.41,True
057,4.99,1.51,True
058,4.95,1.46,False
059,4.98,1.56,False
060,4.88,1.44,False
061,4.90,1.49,False
062,5.05,1.46,True
063,4.92,1.51,True
064,5.06,1.53,True
065,4.76,1.42,True
066,4.96,1.49,False
067,4.94,1.49,False
068,5.02,1.60,False
069,4.96,1.48,True
070,5.15,1.59,False
071,4.95,1.56,False
072,5.06,1.53,False
073,4.91,1.49,False
074,5.01,1.46,False
075,4.90,1.47,False
076,4.92,1.50,False
077,4.92,1.49,False
078,5.09,1.59,True
079,4.77,1.50,False
080,4.95,1.48,True
081,4.98,1.50,False
082,5.09,1.53,False
083,4.82,1.56,False
084,4.98,1.54,True
085,4.97,1.55,False
086,5.04,1.57,False
087,4.88,1.38,False
088,5.01,1.51,False
089,5.08,1.62,False
090,4.96,1.49,False
091,4.98,1.56,True
092,4.79,1.43,False
093,5.06,1.58,False
094,5.01,1.49,False
095,4.76,1.40,False
096,5.01,1.54,False
097,4.87,1.55,False
098,4.98,1.55,True
099,4.82,1.51,False
100,4.86,1.38,True
