Configuration,Clean,Incremental,Reproducible
001,4.81,4.98,True
002,4.81,1.49,False
003,4.89,1.56,False
004,4.76,1.39,False
005,4.88,1.46,False
006,4.84,1.46,False
007,4.87,1.46,False
008,4.85,1.46,False
009,4.99,1.51,False
010,4.71,1.43,False
011,4.81,1.46,False
012,4.76,1.50,False
013,4.92,1.56,False
014,4.82,1.35,False
015,4.78,1.43,False
016,4.95,1.50,False
017,4.86,1.57,False
018,4.97,1.48,False
019,4.87,1.56,False
020,4.81,1.47,False
021,4.99,1.58,False
022,4.91,1.52,False
023,4.92,1.59,False
024,4.84,1.44,False
025,4.94,1.56,False
026,4.81,1.56,False
027,5.08,1.63,True
028,4.85,1.53,False
029,4.81,1.39,False
030,5.05,1.56,False
031,4.82,1.48,False
032,4.88,1.53,False
033,4.77,1.46,False
034,4.94,1.51,False
035,4.92,1.50,False
036,4.80,1.43,False
037,5.08,1.63,False
038,4.72,1.44,True
039,4.83,1.38,False
040,4.90,1.50,False
041,5.03,1.46,False
042,4.72,1.43,False
043,4.94,1.46,False
044,4.96,1.45,False
045,4.86,1.39,False
046,4.85,1.49,False
047,5.02,1.54,False
048,4.87,1.49,True
049,5.01,1.49,False
050,4.94,1.57,True
051,4.97,1.58,False
052,5.03,1.55,False
053,4.61,1.44,False
054,4.95,1.58,False
055,4.85,1.53,False
056,4.97,1.53,False
057,4.87,1.55,True
058,4.92,1.54,False
059,4.81,1.42,False
060,4.91,1.50,False
061,4.97,1.56,False
062,4.83,1.46,False
063,4.80,1.50,True
064,5.03,1.51,True
065,4.80,1.40,False
066,4.69,1.35,False
067,4.86,1.50,False
068,5.00,1.43,True
069,4.83,1.45,False
070,4.78,1.33,False
071,4.85,1.47,False
072,5.01,1.57,False
073,4.70,1.46,False
074,4.82,1.35,True
075,4.91,1.50,True
076,4.84,1.45,False
077,4.88,1.55,True
078,5.02,1.51,False
079,4.80,1.51,False
080,4.81,1.43,False
081,4.83,1.57,True
082,4.99,1.57,False
083,4.69,1.34,False
084,5.05,1.61,False
085,4.92,1.61,False
086,4.93,1.59,False
087,4.75,1.43,False
088,4.86,1.43,False
089,4.90,1.46,False
090,4.80,1.41,False
091,4.87,1.46,False
092,5.03,1.56,False
093,5.10,1.60,False
094,4.74,1.45,False
095,4.97,1.45,False
096,4.71,1.49,False
097,4.84,1.35,False
098,5.01,1.52,False
099,4.89,1.57,False
100,4.93,1.52,False
