Configuration,Clean,Incremental,Reproducible
001,4.93,4.94,True
002,4.94,1.49,False
003,4.91,1.51,False
004,4.91,1.53,False
005,4.85,1.50,False
006,5.08,1.58,False
007,5.03,1.50,False
008,5.00,1.55,False
009,4.97,1.58,True
010,4.94,1.50,False
011,4.89,1.47,False
012,5.35,1.67,False
013,4.84,1.53,True
014,5.06,1.44,False
015,5.02,1.62,False
016,5.26,1.54,False
017,4.93,1.47,False
018,5.18,1.59,False
019,4.78,1.49,False
020,5.18,1.53,False
021,4.85,1.50,True
022,5.07,1.57,False
023,4.95,1.55,False
024,4.84,1.37,False
025,4.97,1.45,False
026,4.99,1.57,False
027,4.95,1.52,False
028,4.88,1.46,False
029,5.00,1.59,False
030,4.92,1.47,False
031,4.72,1.48,False
032,4.86,1.45,False
033,5.01,1.53,True
034,4.79,1.41,False
035,4.99,1.45,False
036,4.88,1.47,True
037,5.02,1.65,True
038,5.08,1.68,False
039,5.06,1.57,False
040,4.87,1.47,True
041,5.01,1.55,True
042,4.94,1.47,False
043,4.81,1.51,False
044,4.95,1.54,False
045,4.95,1.49,False
046,4.98,1.50,False
047,4.90,1.43,False
048,4.71,1.40,False
049,5.01,1.62,False
050,5.00,1.56,False
051,4.93,1.49,False
052,4.82,1.43,False
053,4.93,1.54,False
054,5.03,1.56,False
055,5.03,1.45,False
056,4.91,1.51,True
057,5.03,1.52,False
058,5.05,1.60,False
059,5.06,1.56,False
060,4.77,1.54,False
061,4.88,1.51,False
062,4.89,1.42,True
063,5.02,1.50,False
064,4.96,1.51,False
065,4.96,1.52,True
066,4.85,1.51,False
067,4.88,1.42,False
068,4.87,1.45,False
069,4.86,1.42,False
070,4.86,1.48,False
071,5.07,1.58,False
072,5.05,1.58,False
073,4.82,1.49,False
074,4.85,1.45,False
075,4.91,1.39,False
076,5.05,1.55,False
077,5.04,1.52,False
078,5.03,1.59,False
079,5.07,1.58,False
080,4.88,1.55,False
081,4.77,1.51,False
082,4.97,1.56,False
083,4.78,1.46,False
084,5.04,1.53,False
085,4.79,1.48,False
086,5.06,1.60,False
087,5.01,1.54,True
088,4.78,1.42,False
089,4.81,1.42,True
090,5.19,1.49,False
091,5.09,1.57,True
092,5.01,1.43,False
093,4.86,1.42,False
094,5.03,1.46,False
095,4.78,1.40,False
096,5.00,1.56,False
097,4.94,1.58,False
098,5.08,1.66,False
099,5.07,1.61,False
100,4.97,1.50,False
