Configuration,Clean,Incremental,Reproducible
001,5.84,5.76,True
002,5.75,2.15,True
003,5.68,2.13,False
004,5.58,2.11,False
005,5.78,2.20,False
006,5.70,2.14,True
007,5.73,2.10,False
008,5.68,2.17,False
009,5.65,2.10,True
010,5.62,2.09,True
011,5.48,2.00,True
012,5.60,2.02,True
013,5.48,1.84,True
014,5.59,1.86,True
015,5.31,1.86,True
016,5.06,1.83,True
017,5.03,1.78,True
018,5.04,1.78,True
019,4.97,1.73,True
020,5.00,1.73,True
021,5.59,2.20,True
022,5.76,2.12,True
023,5.63,2.13,True
024,5.63,2.17,True
025,5.65,2.16,True
026,5.72,2.20,True
027,5.67,2.07,True
028,5.56,2.05,True
029,5.80,2.15,True
030,5.63,2.21,True
031,5.62,2.13,True
032,5.78,2.09,True
033,5.69,2.23,True
034,5.62,2.17,True
035,5.72,2.13,False
036,5.67,2.11,True
037,5.64,2.13,True
038,5.62,2.02,True
039,5.56,2.07,True
040,5.61,2.21,True
041,5.68,2.04,False
042,5.48,2.01,False
043,5.64,2.13,True
044,5.65,2.09,True
045,5.55,2.04,True
046,5.73,2.16,True
047,5.78,2.10,True
048,5.61,2.26,True
049,5.66,2.15,True
050,5.72,2.16,True
051,5.49,2.04,True
052,5.64,2.17,True
053,5.66,2.17,True
054,5.61,2.06,True
055,5.71,2.18,True
056,5.87,2.15,False
057,5.53,2.11,False
058,5.60,2.15,True
059,5.70,2.16,True
060,5.67,2.12,True
061,5.62,2.12,True
062,5.64,2.09,True
063,5.66,1.99,True
064,5.76,2.21,True
065,5.62,2.16,True
066,5.62,2.05,True
067,5.54,1.89,True
068,5.48,1.86,True
069,5.47,1.85,False
070,5.19,1.85,False
071,5.72,2.17,True
072,5.78,2.21,True
073,5.55,2.12,True
074,5.83,2.05,True
075,5.50,1.86,True
076,5.66,2.08,True
077,5.69,2.13,False
078,5.51,2.16,False
079,5.63,2.02,False
080,5.59,2.12,True
081,5.59,2.18,True
082,5.48,2.05,True
083,5.77,2.21,True
084,5.63,2.20,True
085,5.73,2.15,True
086,5.71,2.14,False
087,5.49,2.06,False
088,5.73,2.13,True
089,5.61,2.08,True
090,5.63,1.86,False
091,5.21,1.85,False
092,5.70,2.09,True
093,5.65,2.12,True
094,5.71,2.01,False
095,5.59,2.16,False
096,5.71,2.12,False
097,5.50,2.08,False
098,5.53,1.98,False
099,5.77,2.12,True
100,5.67,2.21,True
