Configuration,Clean,Incremental,Reproducible
001,4.67,4.88,True
002,5.13,1.65,False
003,4.83,1.47,False
004,5.14,1.51,False
005,4.99,1.54,True
006,4.96,1.44,False
007,4.94,1.50,True
008,5.16,1.69,False
009,5.00,1.50,False
010,5.07,1.61,False
011,4.95,1.52,False
012,4.52,1.25,False
013,4.90,1.45,True
014,4.94,1.47,False
015,5.01,1.48,False
016,4.95,1.50,False
017,4.94,1.42,True
018,4.81,1.38,True
019,4.97,1.56,False
020,4.86,1.37,False
021,5.13,1.52,True
022,4.91,1.49,False
023,4.94,1.43,True
024,5.02,1.61,False
025,5.06,1.49,True
026,4.93,1.49,False
027,4.88,1.48,True
028,4.99,1.53,False
029,5.03,1.56,False
030,4.87,1.44,False
031,4.91,1.50,False
032,5.01,1.49,False
033,5.00,1.40,False
034,4.87,1.42,False
035,5.15,1.47,True
036,5.18,1.69,False
037,5.22,1.56,False
038,4.89,1.49,True
039,5.02,1.43,True
040,4.99,1.53,False
041,5.20,1.55,False
042,5.03,1.60,True
043,5.16,1.56,False
044,4.95,1.47,False
045,5.10,1.44,False
046,4.87,1.51,False
047,5.16,1.52,False
048,4.90,1.49,False
049,5.06,1.55,False
050,4.73,1.43,False
051,5.06,1.54,False
052,5.00,1.52,False
053,5.05,1.51,False
054,4.83,1.49,False
055,5.04,1.52,False
056,4.88,1.53,True
057,4.91,1.41,True
058,4.77,1.35,False
059,4.82,1.41,True
060,5.11,1.59,False
061,4.90,1.47,True
062,5.00,1.46,False
063,5.03,1.59,False
064,5.05,1.57,False
065,4.93,1.46,False
066,4.96,1.54,False
067,5.12,1.57,True
068,4.82,1.54,False
069,4.96,1.46,False
070,5.00,1.61,True
071,4.93,1.55,False
072,5.00,1.46,False
073,5.03,1.49,True
074,4.95,1.49,False
075,4.93,1.50,False
076,5.01,1.51,False
077,4.91,1.50,False
078,4.92,1.55,False
079,4.96,1.43,True
080,4.90,1.48,False
081,4.94,1.52,True
082,4.89,1.51,False
083,5.12,1.58,False
084,4.82,1.32,True
085,5.02,1.47,False
086,4.86,1.45,True
087,5.09,1.52,False
088,5.12,1.51,False
089,4.90,1.48,False
090,5.00,1.46,True
091,4.93,1.46,False
092,5.10,1.49,True
093,4.93,1.52,False
094,4.97,1.45,False
095,5.08,1.53,False
096,5.01,1.51,False
097,5.01,1.58,True
098,5.02,1.50,False
099,4.97,1.44,False
100,4.96,1.49,False
