Configuration,Clean,Incremental,Reproducible
001,4.99,4.98,True
002,4.79,1.38,True
003,5.06,1.63,False
004,4.90,1.54,False
005,4.82,1.47,True
006,4.78,1.51,False
007,4.73,1.35,True
008,4.95,1.60,False
009,4.92,1.52,False
010,4.70,1.45,False
011,4.89,1.52,False
012,4.79,1.43,False
013,4.88,1.54,False
014,4.56,1.32,False
015,5.12,1.58,True
016,4.85,1.54,False
017,5.03,1.48,True
018,4.96,1.64,True
019,5.10,1.58,True
020,4.81,1.45,False
021,4.98,1.53,False
022,4.81,1.50,True
023,5.00,1.61,True
024,4.84,1.47,False
025,4.96,1.49,False
026,4.80,1.49,False
027,4.83,1.53,False
028,4.67,1.32,False
029,4.69,1.42,False
030,4.87,1.45,False
031,5.01,1.58,False
032,4.87,1.49,False
033,4.90,1.51,False
034,4.87,1.48,False
035,4.92,1.57,False
036,4.89,1.57,False
037,4.77,1.37,False
038,4.90,1.45,True
039,5.02,1.61,False
040,4.76,1.49,False
041,5.00,1.53,False
042,4.89,1.42,False
043,5.13,1.56,False
044,5.07,1.54,False
045,4.96,1.66,True
046,5.00,1.53,True
047,4.75,1.45,True
048,5.02,1.51,False
049,4.88,1.53,False
050,5.11,1.58,False
051,4.73,1.38,False
052,4.85,1.41,False
053,4.93,1.53,True
054,4.84,1.53,False
055,4.73,1.36,False
056,4.71,1.47,False
057,4.91,1.47,False
058,4.79,1.43,False
059,4.75,1.45,True
060,4.91,1.52,True
061,4.85,1.57,True
062,4.94,1.58,True
063,4.73,1.43,True
064,4.90,1.49,False
065,4.82,1.50,False
066,5.04,1.64,False
067,4.72,1.49,True
068,5.08,1.66,False
069,5.00,1.51,False
070,4.94,1.50,True
071,4.88,1.41,False
072,5.00,1.49,False
073,5.16,1.55,False
074,5.00,1.62,False
075,5.08,1.60,False
076,4.89,1.41,True
077,5.05,1.47,False
078,4.92,1.53,False
079,5.11,1.55,False
080,5.08,1.59,False
081,5.06,1.51,False
082,4.56,1.33,True
083,5.04,1.47,False
084,5.04,1.60,False
085,4.97,1.47,False
086,5.07,1.64,False
087,4.98,1.55,False
088,4.79,1.44,False
089,5.05,1.55,False
090,4.79,1.41,True
091,4.96,1.48,False
092,5.05,1.52,False
093,5.09,1.60,False
094,4.88,1.52,False
095,5.12,1.57,True
096,4.85,1.51,False
097,4.96,1.54,False
098,4.96,1.54,False
099,4.95,1.47,False
100,5.05,1.53,True
