Configuration,Clean,Incremental,Reproducible
001,5.84,5.87,True
002,5.65,2.15,False
003,5.48,2.10,False
004,5.65,2.16,False
005,5.60,2.09,False
006,5.50,2.07,False
007,5.85,2.20,True
008,5.82,2.18,False
009,5.70,2.11,True
010,5.58,2.16,False
011,5.74,2.19,True
012,5.68,2.10,True
013,5.53,2.07,True
014,5.73,2.16,True
015,5.57,2.01,True
016,5.82,2.20,True
017,5.61,2.08,True
018,5.38,2.14,False
019,5.68,2.12,True
020,5.67,2.18,True
021,5.67,2.06,True
022,5.60,2.01,True
023,5.52,1.98,True
024,5.73,2.20,True
025,5.72,2.11,True
026,5.84,2.18,True
027,5.65,2.13,True
028,5.56,2.05,False
029,5.43,1.85,False
030,5.61,2.09,True
031,5.54,2.06,True
032,5.56,2.04,True
033,5.45,2.03,True
034,5.55,1.88,True
035,5.50,2.20,False
036,5.58,2.08,False
037,5.77,2.17,True
038,5.84,2.19,True
039,5.84,2.23,True
040,5.84,2.12,True
041,5.58,2.12,True
042,5.57,2.05,False
043,5.78,1.88,False
044,5.34,1.85,False
045,5.03,1.85,False
046,4.99,1.83,False
047,5.66,2.10,False
048,5.56,1.97,False
049,5.47,1.99,False
050,5.48,2.23,True
051,5.70,2.11,False
052,5.74,2.18,True
053,5.72,2.18,True
054,5.70,2.08,True
055,5.77,2.12,True
056,5.74,2.11,False
057,5.59,2.14,False
058,5.64,2.03,True
059,5.73,2.20,False
060,5.61,2.13,True
061,5.76,2.14,False
062,5.67,2.14,True
063,5.82,2.17,False
064,5.61,2.11,False
065,5.70,2.06,False
066,5.75,2.19,False
067,5.65,2.20,True
068,5.68,2.14,False
069,5.55,2.07,False
070,5.58,1.95,False
071,5.48,1.89,False
072,5.42,1.91,False
073,5.72,2.18,False
074,5.72,2.15,False
075,5.70,2.22,True
076,5.69,2.20,True
077,5.75,2.16,True
078,5.49,2.11,True
079,5.56,2.04,False
080,5.56,1.87,False
081,5.68,2.17,False
082,5.56,2.15,False
083,5.61,2.04,False
084,5.68,2.14,False
085,5.61,2.04,False
086,5.66,2.18,True
087,5.51,2.13,True
088,5.73,2.02,False
089,5.69,2.17,True
090,5.72,2.07,False
091,5.56,1.99,False
092,5.58,1.87,False
093,5.61,2.15,True
094,5.65,2.12,True
095,5.59,2.13,True
096,5.62,2.10,False
097,5.57,2.06,False
098,5.61,2.13,True
099,5.66,2.13,True
100,5.55,2.09,True
