Configuration,Clean,Incremental,Reproducible
001,4.98,4.96,True
002,4.72,1.46,True
003,4.88,1.40,False
004,4.81,1.51,False
005,4.96,1.49,False
006,4.93,1.53,False
007,4.83,1.47,False
008,4.81,1.52,False
009,4.83,1.43,False
010,4.81,1.46,True
011,4.77,1.46,False
012,4.82,1.42,False
013,5.01,1.52,False
014,4.78,1.45,False
015,4.83,1.52,True
016,4.88,1.50,False
017,4.82,1.49,True
018,4.90,1.49,False
019,4.96,1.51,False
020,4.76,1.46,False
021,4.81,1.44,False
022,4.90,1.48,False
023,4.84,1.48,False
024,4.94,1.42,False
025,4.81,1.48,False
026,5.03,1.55,False
027,4.78,1.49,False
028,4.83,1.41,False
029,4.90,1.51,False
030,4.82,1.51,False
031,4.76,1.35,False
032,4.69,1.42,True
033,4.94,1.57,False
034,4.87,1.56,False
035,4.82,1.43,False
036,4.97,1.64,False
037,4.73,1.45,False
038,4.75,1.49,False
039,5.01,1.68,False
040,4.74,1.42,True
041,4.68,1.20,False
042,4.78,1.42,False
043,4.81,1.41,False
044,4.88,1.50,False
045,5.19,1.63,False
046,4.86,1.56,True
047,5.03,1.55,False
048,4.86,1.55,False
049,4.95,1.48,False
050,4.87,1.53,False
051,5.04,1.60,True
052,4.86,1.52,False
053,5.06,1.61,False
054,4.76,1.49,False
055,4.91,1.46,False
056,4.86,1.57,False
057,4.75,1.35,False
058,4.96,1.54,False
059,4.97,1.51,False
060,4.80,1.50,False
061,4.94,1.50,False
062,4.87,1.52,False
063,4.92,1.62,False
064,4.93,1.59,False
065,4.85,1.51,False
066,4.94,1.52,False
067,4.75,1.50,False
068,4.91,1.60,False
069,4.84,1.49,False
070,4.91,1.50,False
071,4.78,1.52,False
072,4.93,1.60,False
073,4.82,1.52,False
074,4.97,1.52,False
075,4.97,1.56,False
076,5.04,1.59,False
077,4.82,1.63,False
078,4.87,1.46,False
079,5.05,1.57,False
080,4.83,1.54,False
081,4.96,1.53,False
082,4.80,1.45,False
083,4.85,1.50,True
084,4.79,1.44,True
085,4.77,1.51,False
086,4.82,1.52,False
087,4.71,1.43,False
088,5.05,1.70,False
089,4.86,1.57,False
090,4.93,1.54,False
091,4.83,1.55,False
092,4.94,1.54,True
093,5.04,1.63,False
094,4.66,1.53,False
095,4.81,1.51,True
096,4.99,1.55,False
097,4.75,1.54,True
098,4.95,1.62,False
099,5.03,1.55,False
100,4.86,1.60,False
