Configuration,Clean,Incremental,Reproducible
001,76.74,86.45,False
002,164.83,172.08,False
003,69.85,79.16,False
004,59.43,64.43,True
005,90.92,98.04,False
006,125.76,131.01,False
007,77.28,86.95,False
008,95.59,107.26,True
009,80.46,96.36,False
010,62.83,68.47,True
011,121.93,134.64,False
012,81.08,96.38,True
013,51.68,66.50,False
014,69.27,82.26,True
015,67.12,79.83,False
016,47.29,53.46,True
017,92.11,99.19,True
018,96.28,120.82,True
019,46.39,52.92,True
020,68.05,84.01,False
021,127.25,144.92,True
022,98.28,117.13,False
023,63.14,83.13,True
024,52.92,72.23,False
025,62.65,73.11,True
026,68.96,85.36,True
027,67.98,81.94,False
028,89.89,106.26,False
029,47.45,64.29,False
030,40.44,46.61,True
031,78.03,98.39,False
032,61.23,79.82,False
033,52.49,70.48,False
034,133.36,153.32,False
035,60.84,82.28,True
036,67.42,75.14,True
037,73.67,87.76,False
038,73.92,80.66,True
039,92.31,113.10,False
040,57.54,64.59,True
041,224.45,238.90,False
042,72.90,94.81,False
043,70.14,86.27,False
044,57.71,78.34,False
045,99.43,135.85,False
046,149.79,177.67,True
047,75.95,97.45,True
048,39.62,43.33,True
049,55.00,75.44,False
050,47.32,68.39,False
051,53.93,71.76,False
052,84.68,105.95,False
053,72.14,101.52,False
054,52.66,62.02,True
055,63.26,83.98,False
056,100.25,141.50,True
057,52.01,74.03,True
058,53.44,74.30,True
059,101.06,111.04,False
060,64.16,88.58,False
061,52.37,73.30,False
062,90.56,100.66,True
063,39.91,45.55,True
064,113.72,140.75,True
065,78.22,90.33,True
066,59.74,64.72,True
067,52.81,77.58,False
068,73.45,95.08,False
069,56.45,83.73,False
070,80.65,85.09,False
071,49.33,57.73,True
072,137.88,148.49,True
073,56.47,82.54,False
074,52.03,73.67,False
075,69.05,90.15,False
076,58.48,82.89,False
077,51.55,70.62,False
078,51.52,60.84,True
079,83.83,106.19,False
080,71.97,94.02,False
081,58.70,83.55,True
082,51.02,59.44,True
083,57.15,62.51,True
084,68.92,92.21,False
085,92.34,110.12,False
086,58.68,64.88,True
087,60.83,70.31,True
088,61.56,84.14,False
089,75.12,100.46,False
090,89.85,110.15,False
091,79.69,97.61,False
092,66.36,76.16,True
093,57.84,81.95,False
094,110.72,155.92,True
095,59.60,64.84,True
096,155.20,189.91,True
097,73.20,92.27,False
098,158.98,191.21,False
099,60.12,83.26,False
100,96.18,142.51,False
