Configuration,Clean,Incremental,Reproducible
001,86.93,87.04,True
002,78.32,77.89,False
003,60.33,64.44,True
004,44.28,49.27,True
005,79.34,89.42,True
006,94.75,100.28,False
007,61.32,66.48,True
008,73.78,77.69,False
009,61.24,64.71,True
010,68.72,76.94,True
011,32.40,35.08,True
012,42.91,42.99,False
013,114.83,116.64,True
014,57.69,64.78,False
015,47.03,51.66,False
016,63.42,67.81,False
017,91.86,100.77,False
018,59.20,64.77,False
019,58.47,65.01,False
020,52.93,56.43,False
021,60.66,67.66,True
022,78.46,85.31,False
023,98.53,107.43,False
024,72.84,79.14,False
025,51.75,55.15,False
026,66.40,64.85,False
027,74.06,76.61,False
028,115.77,122.90,False
029,99.75,105.50,True
030,64.14,75.84,True
031,45.06,50.88,True
032,56.08,61.41,False
033,69.93,81.42,False
034,83.81,93.04,False
035,40.62,46.93,True
036,76.10,84.66,True
037,93.78,100.40,False
038,84.78,104.37,False
039,42.46,47.76,True
040,72.37,86.80,False
041,51.17,63.09,False
042,79.56,94.39,False
043,60.90,71.63,False
044,53.55,63.12,False
045,74.87,83.58,True
046,72.73,86.27,False
047,101.52,113.07,False
048,68.03,81.87,False
049,44.60,51.40,True
050,70.67,82.95,False
051,66.24,71.67,True
052,57.08,66.63,True
053,65.77,70.64,True
054,135.33,150.31,False
055,74.87,93.10,False
056,69.27,89.43,False
057,86.01,107.63,False
058,157.74,187.65,True
059,69.81,90.72,False
060,69.19,89.07,True
061,76.04,100.30,False
062,55.16,64.80,True
063,70.78,75.12,True
064,71.82,95.86,False
065,65.56,76.06,True
066,64.21,75.31,True
067,81.49,89.30,True
068,77.41,100.58,True
069,49.39,65.98,False
070,45.68,54.94,True
071,50.94,67.74,False
072,64.69,79.22,True
073,54.77,75.97,True
074,59.71,78.07,False
075,47.16,64.75,False
076,54.92,62.10,True
077,51.57,68.30,False
078,103.81,130.42,True
079,52.34,69.32,False
080,136.71,170.31,True
081,127.77,165.51,False
082,62.02,88.42,True
083,55.78,64.18,True
084,63.39,69.72,True
085,56.09,77.60,True
086,77.56,93.23,False
087,54.71,72.90,False
088,75.83,82.18,True
089,66.23,88.14,False
090,63.43,80.92,False
091,105.04,111.38,True
092,65.41,86.60,False
093,77.84,103.02,False
094,65.22,88.89,False
095,83.19,109.66,False
096,50.55,57.49,True
097,132.22,167.16,True
098,64.71,81.91,False
099,34.32,40.76,True
100,60.35,82.33,False
