Configuration,Clean,Incremental,Reproducible
001,58.28,62.73,True
002,56.61,60.99,True
003,44.01,50.61,True
004,65.79,73.19,True
005,55.46,64.40,True
006,55.54,65.31,True
007,59.26,64.93,True
008,114.66,118.68,True
009,69.20,78.37,True
010,40.06,49.05,True
011,40.80,48.57,True
012,75.55,91.49,True
013,71.01,81.71,True
014,53.97,62.59,True
015,95.12,99.71,False
016,52.67,60.20,True
017,124.46,142.93,False
018,65.19,81.10,False
019,31.49,40.40,True
020,61.99,77.85,False
021,74.08,88.06,False
022,41.51,54.65,False
023,87.97,106.04,False
024,60.19,77.65,False
025,58.69,77.49,True
026,137.46,157.70,False
027,105.52,116.15,False
028,124.23,152.62,False
029,137.96,142.61,True
030,47.14,54.53,True
031,48.52,68.18,False
032,89.40,98.93,True
033,72.20,102.72,False
034,61.29,73.04,True
035,48.98,67.20,False
036,54.22,77.19,False
037,86.75,102.19,True
038,65.07,93.24,False
039,58.96,82.38,False
040,48.08,57.51,True
041,50.39,61.16,True
042,52.09,61.94,True
043,75.10,100.97,True
044,43.96,50.93,True
045,81.36,108.65,False
046,79.55,90.28,True
047,35.03,42.69,True
048,68.99,100.97,False
049,47.01,69.17,True
050,34.06,43.88,True
051,61.79,80.37,False
052,52.46,62.28,True
053,72.97,84.01,True
054,68.09,96.78,False
055,54.75,63.62,True
056,90.91,121.90,False
057,44.49,65.95,True
058,78.38,103.19,False
059,51.61,76.40,False
060,72.56,96.68,False
061,75.14,104.37,False
062,46.85,56.16,True
063,65.11,85.27,True
064,151.09,181.38,False
065,52.63,78.00,True
066,47.64,71.32,True
067,49.99,64.06,True
068,62.17,87.44,False
069,59.51,85.78,False
070,59.37,79.61,False
071,61.36,88.77,False
072,60.49,86.77,True
073,51.43,61.88,True
074,56.25,80.97,True
075,63.68,92.95,True
076,50.43,75.60,False
077,66.14,75.17,True
078,64.31,91.23,False
079,81.82,103.23,True
080,61.34,87.85,False
081,53.49,61.41,True
082,52.53,79.91,False
083,36.13,44.94,True
084,61.67,87.15,False
085,52.93,75.84,False
086,31.81,40.22,True
087,66.34,79.36,True
088,40.23,48.26,True
089,64.00,95.11,False
090,40.28,48.28,True
091,84.58,95.20,True
092,94.13,127.78,False
093,180.67,181.50,False
094,61.63,87.72,False
095,37.82,49.87,True
096,58.93,85.03,False
097,73.75,105.32,True
098,52.85,75.28,False
099,79.53,88.07,True
100,52.60,78.61,False
