Configuration,Clean,Incremental,Reproducible
001,67.34,70.57,True
002,71.83,77.88,True
003,75.26,83.65,False
004,50.88,58.50,False
005,43.12,51.92,True
006,40.35,49.22,True
007,55.69,66.20,True
008,53.55,61.67,True
009,57.76,64.77,True
010,73.58,91.41,False
011,42.53,52.90,True
012,43.89,52.72,True
013,64.36,78.69,False
014,241.97,255.08,True
015,93.46,111.48,False
016,86.35,104.75,False
017,41.46,51.73,True
018,60.42,70.37,True
019,75.36,91.05,True
020,60.86,76.07,False
021,54.29,74.04,False
022,80.46,97.00,False
023,64.62,83.33,False
024,106.26,122.39,False
025,66.67,84.77,False
026,60.29,78.74,True
027,67.36,82.67,False
028,112.92,122.45,True
029,123.22,156.74,False
030,80.76,100.33,False
031,49.43,58.31,True
032,69.36,91.67,False
033,52.34,72.10,False
034,55.64,62.83,False
035,121.29,153.77,False
036,63.90,89.20,False
037,74.97,84.69,True
038,57.34,80.22,True
039,83.43,112.35,False
040,59.44,70.79,True
041,25.13,29.17,True
042,63.35,75.08,True
043,47.70,68.00,True
044,64.18,83.35,False
045,58.92,68.96,True
046,84.38,98.08,True
047,74.92,104.49,False
048,60.06,83.09,True
049,57.83,79.72,False
050,94.41,127.68,False
051,55.02,76.79,False
052,75.78,105.02,False
053,42.93,63.27,False
054,58.23,76.53,False
055,41.92,50.78,True
056,40.70,50.13,True
057,55.79,78.39,False
058,54.21,73.81,False
059,56.24,80.84,False
060,69.06,93.51,True
061,52.18,75.62,True
062,82.97,105.63,False
063,65.47,75.49,True
064,134.38,156.72,False
065,54.23,77.84,False
066,31.40,40.00,True
067,72.21,102.71,True
068,43.11,54.49,True
069,64.56,90.98,False
070,84.17,103.10,False
071,71.13,85.72,True
072,75.34,94.03,False
073,80.51,108.86,False
074,89.48,118.13,False
075,79.61,91.96,True
076,79.13,104.74,False
077,34.31,41.90,True
078,52.62,76.74,False
079,43.57,52.09,True
080,73.93,96.22,False
081,88.81,108.75,False
082,78.56,104.97,False
083,48.96,56.48,True
084,66.78,91.05,False
085,65.43,87.88,False
086,42.75,51.00,True
087,45.99,55.75,True
088,111.88,142.84,False
089,44.11,52.23,True
090,70.09,92.31,False
091,75.86,105.05,True
092,105.41,130.86,False
093,65.90,72.86,True
094,100.54,107.95,True
095,72.57,82.85,True
096,51.24,74.84,False
097,76.18,94.35,True
098,67.19,93.01,False
099,52.17,76.25,False
100,60.65,88.03,True
