Configuration,Clean,Incremental,Reproducible
001,88.90,99.40,True
002,68.91,76.33,True
003,107.46,112.34,True
004,40.24,44.08,True
005,61.93,72.37,True
006,88.87,100.97,False
007,66.94,78.22,False
008,42.06,46.75,True
009,73.91,87.58,True
010,62.02,70.47,True
011,66.93,80.51,False
012,74.23,78.21,True
013,70.44,80.41,False
014,75.59,87.35,False
015,61.95,76.02,True
016,55.16,61.25,True
017,67.38,79.13,False
018,53.09,58.83,True
019,71.00,79.40,True
020,66.33,74.38,True
021,90.44,97.23,False
022,106.49,113.00,False
023,103.34,112.76,True
024,72.35,80.83,True
025,66.41,78.04,False
026,50.04,62.20,False
027,162.92,185.21,False
028,52.28,57.09,True
029,78.21,94.21,False
030,62.20,77.92,False
031,60.20,78.29,False
032,26.99,31.73,True
033,82.83,105.13,True
034,64.22,87.23,True
035,89.47,102.13,True
036,53.86,71.56,False
037,54.31,70.28,False
038,64.67,76.38,False
039,130.79,158.25,False
040,55.35,66.87,True
041,64.05,78.68,False
042,50.35,66.75,False
043,65.34,83.32,False
044,69.80,77.39,True
045,120.67,153.73,True
046,101.31,122.18,False
047,69.68,77.39,True
048,90.98,100.51,True
049,103.15,122.46,False
050,64.70,87.72,True
051,58.55,76.72,False
052,79.95,99.97,False
053,73.03,91.07,False
054,70.96,77.56,True
055,68.47,89.10,False
056,69.10,76.79,True
057,60.24,80.40,False
058,57.03,66.24,True
059,71.90,86.74,True
060,56.83,75.91,False
061,56.68,77.72,False
062,64.63,81.67,False
063,102.66,112.27,True
064,69.19,90.31,False
065,77.05,99.39,False
066,60.18,83.39,False
067,91.72,117.55,False
068,109.98,123.91,False
069,81.24,106.64,False
070,49.26,57.69,True
071,62.69,80.98,True
072,70.06,90.97,False
073,69.95,93.37,True
074,60.42,83.26,True
075,60.04,81.41,False
076,60.90,69.85,True
077,147.11,180.95,False
078,63.86,74.18,True
079,67.84,87.74,False
080,70.14,76.53,True
081,79.20,106.35,False
082,63.94,85.28,False
083,56.26,79.65,False
084,73.08,97.88,True
085,61.36,80.53,False
086,56.74,81.07,False
087,57.78,65.68,True
088,41.49,60.28,False
089,57.73,79.89,True
090,40.71,45.98,True
091,45.10,50.14,True
092,60.67,83.86,False
093,62.42,86.34,False
094,56.71,66.29,True
095,57.82,80.01,False
096,76.25,100.53,False
097,56.78,78.83,False
098,63.92,84.38,False
099,83.65,115.35,True
100,96.35,100.71,True
