Configuration,Clean,Incremental,Reproducible
001,63.74,67.41,True
002,55.12,61.26,True
003,61.65,65.51,True
004,50.67,56.30,True
005,56.83,64.29,True
006,55.48,64.47,True
007,51.62,61.16,True
008,110.35,123.40,False
009,102.03,113.20,True
010,56.65,70.91,False
011,64.14,77.90,False
012,77.42,84.11,True
013,85.52,101.05,True
014,65.99,75.27,False
015,115.29,131.12,True
016,52.73,69.46,True
017,61.17,78.25,False
018,81.87,93.31,True
019,78.33,89.75,True
020,70.43,87.36,False
021,44.14,53.53,True
022,96.52,116.48,False
023,91.67,110.38,False
024,112.12,138.50,False
025,62.92,83.88,False
026,52.50,70.97,False
027,80.71,88.53,True
028,68.22,86.98,False
029,107.08,125.56,False
030,214.34,221.79,False
031,52.58,77.00,True
032,61.33,81.09,False
033,62.01,82.35,True
034,56.78,84.94,False
035,102.92,118.88,True
036,75.35,101.73,True
037,36.95,47.33,True
038,69.36,92.16,False
039,61.67,85.73,False
040,62.26,88.93,True
041,58.35,83.14,False
042,52.71,64.84,True
043,54.02,66.10,True
044,65.57,89.25,False
045,77.70,100.85,False
046,95.75,113.65,False
047,70.60,83.40,True
048,51.80,77.23,False
049,61.95,86.15,False
050,58.47,83.13,False
051,134.52,170.33,False
052,90.14,115.09,False
053,106.97,137.42,False
054,70.05,96.01,False
055,83.69,109.26,True
056,75.14,83.94,True
057,157.05,193.31,True
058,63.52,89.23,True
059,60.34,84.48,False
060,89.19,99.22,True
061,32.29,41.94,False
062,88.79,113.93,False
063,40.51,49.39,True
064,28.40,36.23,True
065,65.03,89.09,True
066,100.70,148.15,False
067,65.96,74.92,True
068,44.79,55.59,True
069,94.78,123.63,False
070,55.72,79.98,True
071,42.84,53.99,True
072,55.52,78.56,True
073,73.96,80.52,True
074,119.41,157.11,False
075,58.36,87.99,True
076,73.59,102.27,False
077,53.81,80.61,False
078,63.44,76.14,True
079,74.23,106.47,False
080,59.71,85.54,False
081,50.71,76.08,False
082,46.49,55.97,True
083,85.33,93.85,True
084,65.86,93.36,False
085,51.22,76.99,False
086,132.74,172.60,False
087,67.60,92.24,False
088,66.63,96.49,True
089,45.12,69.55,False
090,60.33,87.13,False
091,58.13,82.87,False
092,68.46,93.62,False
093,44.03,67.77,False
094,95.47,123.27,False
095,58.43,89.59,False
096,83.58,94.98,True
097,75.20,82.84,True
098,55.79,80.45,True
099,45.45,70.97,True
100,85.17,111.92,False
