Configuration,Clean,Incremental,Reproducible
001,41.74,43.95,True
002,65.49,75.35,False
003,58.70,69.72,False
004,52.63,54.07,True
005,63.65,70.40,True
006,92.64,103.11,False
007,57.58,69.62,True
008,36.14,42.32,True
009,46.81,56.62,False
010,50.67,62.91,False
011,67.87,82.04,False
012,69.21,75.38,True
013,109.93,124.66,True
014,43.35,50.70,True
015,85.93,101.01,False
016,167.18,181.62,False
017,57.18,62.63,True
018,65.14,82.56,False
019,78.86,98.24,True
020,40.59,46.65,True
021,75.65,93.20,False
022,38.78,45.93,True
023,102.37,113.15,True
024,89.07,102.68,True
025,53.21,58.07,True
026,82.20,110.83,True
027,90.41,107.48,False
028,78.62,101.50,False
029,54.16,72.61,True
030,53.56,71.93,False
031,68.06,89.43,False
032,64.64,83.57,False
033,53.15,58.28,True
034,41.10,48.55,True
035,53.19,59.24,True
036,55.76,67.25,True
037,58.06,78.15,False
038,41.77,46.15,True
039,65.84,86.59,True
040,74.70,94.22,False
041,39.07,44.75,True
042,84.84,101.99,False
043,69.17,76.98,True
044,56.51,78.21,False
045,55.31,73.40,False
046,55.25,77.82,False
047,48.70,65.10,False
048,68.53,78.61,True
049,122.39,149.52,False
050,49.24,70.40,False
051,63.17,69.33,True
052,83.40,103.99,False
053,48.64,57.87,True
054,65.11,72.48,True
055,69.86,90.25,False
056,81.60,88.78,True
057,96.85,105.81,True
058,58.45,77.55,False
059,50.57,68.95,False
060,47.36,55.71,True
061,55.50,75.18,False
062,58.91,77.30,False
063,74.42,92.38,False
064,59.23,81.55,False
065,161.28,180.49,False
066,98.95,130.75,False
067,55.04,65.83,True
068,73.53,79.84,True
069,64.75,84.89,False
070,68.37,90.89,False
071,46.36,53.39,True
072,62.67,71.99,True
073,53.36,71.54,True
074,51.91,72.74,False
075,37.33,43.49,True
076,81.54,104.36,False
077,55.26,63.92,True
078,49.15,71.88,False
079,79.05,108.79,False
080,64.21,82.24,False
081,43.76,49.36,True
082,107.83,144.70,False
083,77.24,83.70,True
084,94.56,104.06,True
085,63.00,82.07,False
086,59.63,79.42,False
087,50.51,68.11,False
088,46.11,52.52,True
089,51.08,71.38,False
090,119.45,158.03,True
091,48.68,52.95,True
092,40.04,47.55,True
093,54.50,61.75,True
094,49.42,56.01,True
095,70.78,84.06,True
096,73.42,100.60,False
097,70.29,77.28,True
098,69.88,98.54,False
099,135.37,169.54,False
100,145.55,185.32,False
