Configuration,Clean,Incremental,Reproducible
001,112.49,116.92,False
002,98.73,103.35,False
003,55.66,62.44,False
004,93.77,108.08,True
005,80.26,89.03,False
006,31.75,37.77,True
007,103.43,111.31,False
008,68.74,74.88,True
009,70.46,73.85,True
010,47.40,55.88,False
011,65.66,71.13,True
012,90.29,94.80,True
013,53.87,64.24,False
014,97.62,105.77,False
015,50.37,62.62,False
016,55.42,65.52,True
017,58.56,68.46,False
018,66.72,77.74,False
019,61.02,73.24,False
020,41.40,47.47,True
021,68.92,81.12,True
022,87.59,104.12,False
023,66.67,78.62,True
024,51.48,62.48,False
025,90.57,100.39,True
026,58.68,75.52,False
027,58.44,69.44,False
028,65.48,73.64,True
029,54.93,68.64,False
030,54.30,66.03,False
031,137.81,153.72,False
032,134.27,148.69,False
033,63.30,71.30,True
034,37.07,40.57,True
035,91.06,93.87,False
036,72.00,90.91,False
037,73.72,92.68,False
038,51.16,68.73,False
039,77.25,84.24,True
040,65.05,74.91,True
041,53.32,61.69,True
042,66.23,77.29,True
043,103.25,125.45,True
044,56.47,70.57,False
045,41.08,45.03,True
046,64.57,79.13,False
047,74.85,93.38,False
048,88.18,101.46,True
049,57.23,74.46,False
050,66.78,89.58,False
051,43.36,49.96,True
052,48.39,61.39,True
053,65.88,87.11,False
054,79.92,98.11,False
055,42.37,50.04,True
056,82.97,95.57,False
057,60.05,76.27,False
058,78.36,92.49,False
059,70.29,85.07,False
060,59.40,79.85,False
061,58.48,77.76,False
062,70.95,80.46,True
063,34.14,39.46,True
064,71.16,76.11,True
065,62.90,84.35,False
066,30.34,33.14,True
067,71.13,79.61,True
068,55.64,71.79,True
069,66.36,72.57,True
070,61.16,78.89,True
071,213.86,208.65,False
072,44.03,51.24,True
073,73.32,90.61,False
074,67.83,73.96,True
075,58.54,76.67,True
076,81.23,100.89,False
077,73.44,93.51,False
078,72.12,89.43,True
079,72.32,92.68,False
080,66.79,86.70,False
081,55.52,62.05,True
082,79.78,92.66,False
083,72.24,86.87,False
084,60.04,78.50,False
085,47.38,52.15,True
086,72.70,91.36,True
087,62.73,78.81,False
088,51.79,69.58,False
089,51.50,68.44,False
090,71.99,89.27,False
091,61.80,79.91,False
092,74.23,91.24,False
093,96.61,117.04,False
094,44.95,61.89,False
095,157.86,180.02,False
096,49.95,55.82,True
097,61.74,80.02,False
098,51.51,66.86,False
099,108.30,152.36,True
100,72.97,102.51,False
