Configuration,Clean,Incremental,Reproducible
001,66.23,70.67,True
002,49.41,51.24,True
003,55.48,57.43,True
004,47.60,50.73,True
005,64.34,67.26,False
006,66.16,73.32,True
007,112.44,113.06,True
008,60.03,61.31,False
009,59.15,64.72,True
010,83.70,91.81,True
011,135.11,142.77,True
012,75.31,94.73,True
013,60.67,73.48,False
014,55.00,64.38,True
015,82.52,97.57,False
016,58.29,72.14,False
017,43.61,48.96,False
018,59.86,73.77,False
019,33.63,38.08,True
020,81.85,91.23,False
021,89.45,114.72,False
022,58.96,66.61,True
023,58.55,75.48,False
024,49.42,56.53,True
025,47.07,48.55,True
026,70.50,88.62,False
027,54.49,70.93,True
028,69.23,84.87,True
029,50.64,65.64,False
030,54.98,63.13,True
031,84.36,103.40,True
032,44.98,55.16,True
033,32.25,35.21,True
034,66.03,79.41,False
035,58.33,75.93,False
036,59.96,76.74,True
037,55.73,71.69,False
038,48.00,61.10,False
039,55.17,64.26,False
040,46.76,62.63,False
041,58.01,69.66,False
042,38.16,43.29,True
043,74.08,88.15,False
044,93.27,100.12,True
045,41.98,47.90,True
046,51.98,56.41,True
047,131.10,151.57,False
048,59.59,78.02,False
049,63.85,84.49,False
050,96.22,106.68,True
051,61.89,80.45,True
052,100.02,116.30,False
053,77.97,94.81,False
054,50.57,66.16,False
055,47.95,65.17,True
056,58.01,77.13,True
057,38.62,44.57,True
058,66.60,87.57,False
059,62.27,80.86,False
060,34.72,39.79,True
061,127.67,166.96,False
062,30.73,35.79,True
063,144.12,170.35,False
064,66.83,89.90,True
065,64.15,84.36,True
066,95.24,98.15,True
067,41.01,46.67,True
068,64.75,82.12,False
069,58.70,76.42,True
070,59.41,80.47,False
071,55.85,74.26,False
072,74.08,100.61,False
073,56.75,62.01,True
074,81.66,107.04,False
075,78.38,103.54,False
076,49.99,56.35,True
077,55.48,78.04,False
078,75.45,96.68,False
079,41.03,49.17,True
080,45.58,52.11,True
081,75.09,101.35,True
082,55.45,76.39,False
083,86.95,118.23,True
084,67.45,85.41,False
085,72.51,93.16,False
086,49.97,67.83,False
087,50.57,73.89,False
088,80.04,97.38,False
089,62.18,95.77,True
090,61.64,82.16,False
091,288.40,320.79,False
092,86.63,120.44,False
093,64.60,74.14,True
094,63.93,87.12,True
095,63.47,71.21,True
096,64.77,88.17,False
097,64.80,86.88,False
098,65.54,89.88,False
099,60.78,85.12,False
100,76.25,104.12,False
