Configuration,Clean,Incremental,Reproducible
001,46.00,48.92,True
002,43.72,44.90,True
003,56.82,58.46,True
004,152.76,158.66,False
005,65.16,77.23,False
006,153.42,159.27,False
007,60.79,72.76,False
008,80.02,95.26,False
009,126.76,148.70,True
010,155.86,158.48,True
011,39.86,47.01,True
012,46.61,64.69,True
013,59.43,79.67,False
014,61.96,69.39,True
015,71.49,77.19,True
016,99.86,106.22,True
017,48.47,65.27,True
018,64.31,86.62,False
019,81.70,98.50,False
020,66.77,87.47,False
021,73.97,91.69,False
022,95.28,123.07,False
023,68.29,86.02,False
024,52.32,70.07,False
025,46.17,49.58,True
026,106.33,129.66,False
027,56.57,74.46,False
028,162.70,194.85,True
029,104.51,126.46,False
030,101.78,119.60,True
031,68.52,87.21,False
032,62.62,83.40,False
033,63.01,71.37,True
034,84.17,110.19,True
035,54.60,73.40,False
036,262.38,300.43,True
037,56.91,79.94,False
038,51.54,57.56,True
039,38.06,44.77,True
040,141.85,184.19,True
041,60.10,89.61,True
042,44.07,65.63,True
043,85.45,92.82,True
044,61.10,87.34,False
045,51.44,76.51,False
046,53.69,78.09,False
047,49.99,55.32,True
048,37.46,43.33,True
049,60.69,86.09,True
050,61.66,86.83,True
051,150.04,185.30,True
052,76.19,82.33,True
053,45.55,52.72,True
054,81.47,87.29,True
055,78.84,101.58,False
056,64.45,91.89,True
057,57.83,82.76,False
058,133.24,134.88,True
059,57.84,75.57,False
060,36.27,41.91,True
061,71.18,96.62,False
062,55.68,79.17,False
063,65.40,68.51,True
064,92.83,116.10,False
065,65.05,91.09,False
066,51.64,72.70,False
067,30.56,35.94,True
068,82.58,85.41,True
069,163.90,192.70,False
070,41.87,48.36,True
071,53.16,73.27,True
072,94.15,108.68,False
073,63.85,89.02,False
074,47.10,52.46,True
075,47.92,54.77,True
076,56.04,81.36,False
077,67.92,93.65,False
078,45.61,69.77,False
079,55.07,58.37,True
080,54.29,78.10,False
081,51.37,75.68,False
082,51.90,76.52,True
083,49.37,56.41,True
084,74.33,101.05,False
085,61.57,68.81,True
086,42.65,47.58,True
087,51.14,74.42,False
088,53.59,75.72,False
089,61.89,83.69,False
090,62.46,91.26,False
091,68.06,95.76,False
092,55.54,63.47,True
093,56.31,82.77,True
094,44.94,52.59,True
095,114.71,119.23,True
096,73.46,104.01,True
097,85.63,116.27,False
098,38.56,47.81,True
099,72.87,82.24,True
100,55.80,82.51,False
